rPPG Dataset Information
==================================================

Total samples: 7851
Train: 5495 samples
Val: 1177 samples
Test: 1179 samples

Signal Statistics:
  Mean: [-8.37636479e-03 -9.26737972e-03 -1.00865140e-02 -1.08396746e-02
 -1.15339927e-02 -1.21773338e-02 -1.27777919e-02 -1.33431898e-02
 -1.38805956e-02 -1.43958747e-02 -1.48932919e-02 -1.53751756e-02
 -1.58416586e-02 -1.62905074e-02 -1.67170468e-02 -1.71141887e-02
 -1.74725694e-02 -1.77807933e-02 -1.80257820e-02 -1.81932205e-02
 -1.82680887e-02 -1.82352619e-02 -1.80801603e-02 -1.77894249e-02
 -1.73515903e-02 -1.67577308e-02 -1.59993226e-02 -1.50770453e-02
 -1.39926616e-02 -1.27522025e-02 -1.13660679e-02 -9.84895328e-03
 -8.21959681e-03 -6.50034529e-03 -4.71655192e-03 -2.89582148e-03
 -1.06713344e-03  7.40125737e-04  2.49717598e-03  4.17686172e-03
  5.75462527e-03  7.20938903e-03  8.52430424e-03  9.68732661e-03
  1.06915900e-02  1.15355548e-02  1.22229250e-02  1.27623318e-02
  1.31667992e-02  1.34530182e-02  1.36404627e-02  1.37473362e-02
  1.37983106e-02  1.38150928e-02  1.38180556e-02  1.38253016e-02
  1.38518672e-02  1.39091076e-02  1.40042969e-02  1.41404605e-02
  1.43164466e-02  1.45272307e-02  1.47644317e-02  1.50170074e-02
  1.52720861e-02  1.55158828e-02  1.57346458e-02  1.59155727e-02
  1.60476439e-02  1.61223187e-02  1.61340556e-02  1.60806228e-02
  1.59631793e-02  1.57861262e-02  1.55567327e-02  1.52845637e-02
  1.49766787e-02  1.46489761e-02  1.43131437e-02  1.39797519e-02
  1.36573787e-02  1.33518402e-02  1.30655828e-02  1.27972758e-02
  1.25416380e-02  1.22895149e-02  1.20282080e-02  1.17420440e-02
  1.14131556e-02  1.10224323e-02  1.05505884e-02  9.97929002e-03
  9.29227479e-03  8.47639906e-03  7.52255175e-03  6.42638015e-03
  5.18878192e-03  3.81613352e-03  2.32023684e-03  7.17985745e-04
 -9.69235662e-04 -2.71546131e-03 -4.49398720e-03 -6.27568779e-03
 -8.03118203e-03 -9.73209602e-03 -1.13522777e-02 -1.28688946e-02
 -1.42633602e-02 -1.55220371e-02 -1.66366836e-02 -1.76046203e-02
 -1.84286114e-02 -1.91164722e-02 -1.96804265e-02 -2.01362555e-02
 -2.05022867e-02 -2.07982831e-02 -2.10442965e-02 -2.12595479e-02
 -2.14613997e-02 -2.16644716e-02 -2.18799493e-02 -2.21151179e-02
 -2.23731417e-02 -2.26530955e-02 -2.29437033e-02 -2.32435317e-02
 -2.35419818e-02 -2.38266119e-02 -2.40840496e-02 -2.43009418e-02
 -2.44648877e-02 -2.45653006e-02 -2.45941480e-02 -2.45465289e-02
 -2.44210591e-02 -2.42200431e-02 -2.39494256e-02 -2.36185320e-02
 -2.32396120e-02 -2.28272187e-02 -2.23974592e-02 -2.19671623e-02
 -2.15530097e-02 -2.11706811e-02 -2.08340582e-02 -2.05545316e-02
 -2.03404433e-02 -2.01966922e-02 -2.01245205e-02 -2.01149562e-02
 -2.01687674e-02 -2.02768875e-02 -2.04274785e-02 -2.06065091e-02
 -2.07984206e-02 -2.09868433e-02 -2.11553252e-02 -2.12880382e-02
 -2.13704254e-02 -2.13897625e-02 -2.13356084e-02 -2.12001296e-02
 -2.09782877e-02 -2.06678904e-02 -2.02695114e-02 -1.97862878e-02
 -1.92236169e-02 -1.85887708e-02 -1.78904537e-02 -1.71383251e-02
 -1.63425171e-02 -1.55131667e-02 -1.46599835e-02 -1.37918727e-02
 -1.29128954e-02 -1.20333891e-02 -1.11583681e-02 -1.02912811e-02
 -9.43401694e-03 -8.58698903e-03 -7.74928964e-03 -6.91890304e-03
 -6.09296777e-03 -5.26807788e-03 -4.44060728e-03 -3.60704689e-03
 -2.76434036e-03 -1.91020646e-03 -1.04343364e-03 -1.64137532e-04
  7.26030869e-04  1.62373749e-03  2.52388397e-03  3.41960428e-03
  4.30233942e-03  5.16199870e-03  5.98720354e-03  6.76561426e-03
  7.48433246e-03  8.12927391e-03  8.68897947e-03  9.15183813e-03
  9.50779499e-03  9.74892932e-03  9.87000253e-03  9.86894866e-03
  9.74727731e-03  9.51036493e-03  9.16761010e-03  8.73243202e-03
  8.22210104e-03  7.65739375e-03  7.06207439e-03  6.46221325e-03
  5.88536141e-03  5.35960897e-03  4.91256181e-03  4.57027850e-03
  4.35621186e-03  4.29020346e-03  4.38757876e-03  4.65838693e-03
  5.10682594e-03  5.73088579e-03  6.51871053e-03  7.45951274e-03
  8.53310739e-03  9.71409974e-03  1.09727352e-02  1.22759431e-02
  1.35885315e-02  1.48744819e-02  1.60982855e-02  1.72262596e-02
  1.82277834e-02  1.90763982e-02  1.97507160e-02  2.02351008e-02
  2.05200879e-02  2.06025274e-02  2.04854493e-02  2.01776620e-02
  1.96931101e-02  1.90500305e-02  1.82699548e-02  1.73766129e-02
  1.63947978e-02  1.53492531e-02  1.42636368e-02  1.31559904e-02
  1.20488720e-02  1.09580836e-02  9.89588035e-03  8.87087892e-03
  7.88818592e-03  6.94972600e-03  6.05474044e-03  5.20041497e-03
  4.38259042e-03  3.59650512e-03  2.83751708e-03  2.10175908e-03
  1.38668200e-03  6.91452871e-04  1.71829666e-05 -6.33024313e-04
 -1.25420690e-03 -1.83984553e-03 -2.38230779e-03 -2.87340312e-03
 -3.30500460e-03 -3.66969532e-03 -3.96138872e-03 -4.17588128e-03
 -4.31097592e-03 -4.36762095e-03 -4.34928705e-03 -4.26217269e-03
 -4.11498504e-03 -3.91855031e-03 -3.68527562e-03 -3.42849303e-03
 -3.16172843e-03 -2.89793838e-03 -2.64876370e-03 -2.42384880e-03
 -2.23026918e-03 -2.07210565e-03 -1.95019330e-03 -1.86206414e-03
 -1.80208678e-03 -1.76179888e-03 -1.73041325e-03 -1.69546673e-03
 -1.64357548e-03 -1.56125021e-03 -1.43572436e-03 -1.25574421e-03
 -1.01227682e-03 -6.99573257e-04 -3.14213769e-04  1.43400799e-04
  6.69340425e-04  1.25628189e-03  1.89383316e-03  2.56902026e-03
  3.26691144e-03  3.97133463e-03  4.66564925e-03  5.33352138e-03
  5.95966114e-03  6.53047546e-03  7.03460220e-03  7.46329768e-03
  7.81065647e-03  8.07366110e-03  8.25206024e-03  8.34809423e-03
  8.36608938e-03  8.31195629e-03  8.19262652e-03  8.01547169e-03
  7.78774407e-03  7.51607648e-03  7.20461646e-03  6.85914135e-03
  6.48252241e-03  6.07617530e-03  5.64019967e-03  5.17364885e-03
  4.67491229e-03  4.14217915e-03  3.57394999e-03  2.96955996e-03
  2.32967345e-03  1.65671361e-03  9.55194711e-04  2.31930531e-04
 -5.03900153e-04 -1.24084011e-03 -1.96539085e-03 -2.66239151e-03
 -3.31552045e-03 -3.90789100e-03 -4.42271176e-03 -4.84397238e-03
 -5.15711855e-03 -5.34967882e-03 -5.41181025e-03 -5.33693874e-03
 -5.12145481e-03 -4.76540029e-03 -4.27237405e-03 -3.64941198e-03
 -2.90672772e-03 -2.05733880e-03 -1.11659639e-03 -1.01651669e-04
  9.69113625e-04  2.07666052e-03  3.20184162e-03  4.32589919e-03
  5.43089264e-03  6.50004276e-03  7.51798211e-03  8.47091674e-03
  9.34670107e-03  1.01348403e-02  1.08264381e-02  1.14141082e-02
  1.18918704e-02  1.22550524e-02  1.25002157e-02  1.26251167e-02
  1.26267353e-02  1.25072141e-02  1.22681079e-02  1.19124885e-02
  1.14451113e-02  1.08725836e-02  1.02035131e-02  9.44861128e-03
  8.62073101e-03  7.73481826e-03  6.80776365e-03  5.85814324e-03
  4.90584870e-03  3.97161149e-03  3.07643460e-03  2.24095467e-03
  1.48475928e-03  8.25693857e-04  2.79191876e-04 -1.42333959e-04
 -4.30006226e-04 -5.78871003e-04 -5.88134143e-04 -4.61228085e-04
 -2.05699385e-04  1.65782023e-04  6.40009120e-04  1.19954532e-03
  1.82489617e-03  2.49532926e-03  3.18974360e-03  3.88754744e-03
  4.56949905e-03  5.21846671e-03  5.82006824e-03  6.36315770e-03
  6.84013366e-03  7.24705465e-03  7.58355936e-03  7.85259581e-03
  8.05998019e-03  8.21381177e-03  8.32377919e-03  8.40040163e-03
  8.45424820e-03  8.49518192e-03  8.53167212e-03  8.57021622e-03
  8.61490164e-03  8.66713270e-03  8.72322856e-03  8.78151840e-03
  8.83556514e-03  8.87691099e-03  8.89562696e-03  8.88096228e-03
  8.82205341e-03  8.70865134e-03  8.53182338e-03  8.28458609e-03
  7.96243297e-03  7.56372551e-03  7.08992530e-03  6.54565150e-03
  5.93856365e-03  5.27907577e-03  4.57991786e-03  3.85557279e-03
  3.12162105e-03  2.39403071e-03  1.68843232e-03  1.01942378e-03
  3.99939273e-04 -1.59281429e-04 -6.50094397e-04 -1.06780833e-03
 -1.40937758e-03 -1.67527262e-03 -1.86863679e-03 -1.99493856e-03
 -2.06150771e-03 -2.07698678e-03 -2.05073088e-03 -1.99219358e-03
 -1.91033535e-03 -1.81308935e-03 -1.70691612e-03 -1.59647346e-03
 -1.48441774e-03 -1.37134820e-03 -1.25589519e-03 -1.13494361e-03
 -1.00397801e-03 -8.57525031e-04 -6.89665133e-04 -4.94581811e-04
 -2.67113821e-04 -3.27584461e-06  2.99283268e-04  6.40914190e-04
  1.01922312e-03  1.43045801e-03  1.86801136e-03  2.32305152e-03
  2.78480346e-03  3.24094899e-03  3.67812487e-03  4.08249452e-03
  4.44036101e-03  4.73879039e-03  4.96621156e-03  5.11296299e-03
  5.17175464e-03  5.13802556e-03  5.01017503e-03  4.78965884e-03
  4.48094831e-03  4.09135030e-03  3.63070503e-03  3.11097384e-03
  2.54574150e-03  1.94965701e-03  1.33784352e-03  7.25302906e-04
  1.26344648e-04 -4.46222335e-04 -9.80702358e-04 -1.46761948e-03
 -1.89976773e-03 -2.27236823e-03 -2.58311891e-03 -2.83213712e-03
 -3.02180656e-03 -3.15654149e-03 -3.24248379e-03 -3.28715245e-03
 -3.29906652e-03 -3.28736032e-03 -3.26141034e-03 -3.23049037e-03
 -3.20346851e-03 -3.18855510e-03 -3.19310711e-03 -3.22349190e-03
 -3.28500577e-03 -3.38184253e-03 -3.51710320e-03 -3.69283639e-03
 -3.91009699e-03 -4.16901296e-03 -4.46706881e-03 -4.80449416e-03
 -5.17901204e-03 -5.58757453e-03 -6.02635280e-03 -6.49071177e-03
 -6.97517504e-03 -7.47339006e-03 -7.97810221e-03 -8.48115257e-03
 -8.97350652e-03 -9.44532766e-03 -9.88610126e-03 -1.02848146e-02
 -1.06301945e-02 -1.09109992e-02 -1.11163568e-02 -1.12361414e-02
 -1.12613692e-02 -1.11845966e-02 -1.10003036e-02 -1.07052362e-02
 -1.02986912e-02 -9.78272165e-03 -9.16224784e-03 -8.44354683e-03
 -7.63862641e-03 -6.76055026e-03 -5.82459734e-03 -4.84782010e-03
 -3.84851112e-03 -2.84560097e-03 -1.85801225e-03 -9.04000712e-04
 -5.12746565e-07  8.37407877e-04  1.59713352e-03  2.26886273e-03
  2.84590215e-03  3.32480808e-03  3.70537792e-03  3.99049383e-03
  4.18582599e-03  4.29941141e-03  4.34113368e-03  4.32213014e-03
  4.25416222e-03  4.14898153e-03  4.01773102e-03  3.87041089e-03
  3.71459738e-03  3.55759025e-03  3.40388208e-03  3.25585756e-03
  3.11390094e-03  2.97664034e-03  2.84131327e-03  2.70422803e-03
  2.56129048e-03  2.40855872e-03  2.24278978e-03  2.06193792e-03
  1.86556895e-03  1.65515963e-03  1.43425660e-03  1.20847943e-03
  9.85359730e-04  7.74021494e-04  5.84715845e-04  4.28233699e-04
  3.15229000e-04  2.55491976e-04  2.57214999e-04  3.26296353e-04
  4.65728852e-04  6.74354997e-04  9.48943490e-04  1.28157717e-03
  1.66052197e-03  2.07049679e-03  2.49315536e-03  2.90776119e-03
  3.29202899e-03  3.62309241e-03  3.87855381e-03  4.03756141e-03
  4.08185801e-03  3.99674753e-03  3.77192500e-03  3.40212528e-03
  2.88755303e-03  2.23406844e-03  1.45311510e-03  5.61390279e-04
 -4.19727088e-04 -1.46496559e-03 -2.54612957e-03 -3.63319747e-03
 -4.69549828e-03 -5.70290921e-03 -6.62643762e-03 -7.44118740e-03
 -8.12511820e-03 -8.66062086e-03 -9.03507038e-03 -9.24114830e-03
 -9.27692590e-03 -9.14571282e-03 -8.85568730e-03 -8.41933444e-03
 -7.85273212e-03 -7.17472489e-03 -6.40603612e-03 -5.56836715e-03
 -4.68353042e-03 -3.77266076e-03 -2.85554044e-03 -1.95006561e-03
 -1.07187205e-03 -2.34126288e-04  5.52523132e-04  1.27984551e-03
  1.94180548e-03  2.53424611e-03  3.05451130e-03  3.50118939e-03
  3.87321794e-03  4.17008031e-03  4.39135764e-03  4.53654936e-03
  4.60499561e-03  4.59590607e-03  4.50849025e-03  4.34217513e-03
  4.09688919e-03  3.77338576e-03  3.37357848e-03  2.90085404e-03
  2.36033412e-03  1.75906133e-03  1.10608372e-03  4.12426778e-04
 -3.09054518e-04 -1.04394148e-03 -1.77662581e-03 -2.49077094e-03
 -3.16983684e-03 -3.79764034e-03 -4.35891268e-03 -4.83982872e-03
 -5.22827799e-03 -5.51485760e-03 -5.69240290e-03 -5.75642413e-03
 -5.70511816e-03 -5.53925251e-03 -5.26193118e-03 -4.87826410e-03
 -4.39496431e-03 -3.81990619e-03 -3.16167785e-03 -2.42916174e-03
 -1.63117618e-03 -7.76205017e-04  1.27765401e-04  1.07329013e-03
  2.05338732e-03  3.06134886e-03  4.09045496e-03  5.13362224e-03
  6.18301913e-03  7.22968695e-03  8.26320863e-03  9.27146468e-03
  1.02405147e-02  1.11527074e-02  1.19927691e-02  1.27421865e-02
  1.33818088e-02  1.38925904e-02  1.42564691e-02  1.44573388e-02
  1.44820635e-02  1.43214700e-02  1.39712587e-02  1.34327649e-02
  1.27135116e-02  1.18275013e-02  1.07952071e-02  9.64323846e-03
  8.40367443e-03  7.11307497e-03  5.81120261e-03  4.53950332e-03
  3.33941314e-03  2.25056716e-03  1.30900190e-03  5.45442564e-04
 -1.62331611e-05 -3.60266160e-04 -4.82172202e-04 -3.82309732e-04
 -7.30309007e-05  4.23959384e-04  1.07841478e-03  1.85279939e-03
  2.70392991e-03  3.58493740e-03  4.44745475e-03  5.24392359e-03
  5.92990753e-03  6.46628735e-03  6.82122613e-03  6.97179575e-03
  6.90517602e-03  6.61935389e-03  6.12328222e-03  5.43648130e-03
  4.58809407e-03  3.61544285e-03  2.56215288e-03  1.47594026e-03
  4.06172793e-04 -5.98666132e-04 -1.49348426e-03 -2.24005922e-03
 -2.80582502e-03 -3.16844948e-03 -3.31624057e-03 -3.24881967e-03
 -2.97721150e-03 -2.52334094e-03 -1.91895867e-03 -1.20404936e-03
 -4.24803153e-04  3.68745314e-04  1.12528727e-03  1.79488271e-03
  2.33154022e-03  2.69559505e-03  2.85576171e-03  2.79075401e-03
  2.49038747e-03  1.95611012e-03  1.20093471e-03  2.48782042e-04
 -8.66728245e-04 -2.10396924e-03 -3.41538915e-03 -4.74987087e-03
 -6.05438196e-03 -7.27951371e-03 -8.37832639e-03 -9.30989111e-03
 -1.00411519e-02 -1.05483590e-02 -1.08180011e-02 -1.08471959e-02
 -1.06435297e-02 -1.02243620e-02 -9.61564495e-03 -8.85033009e-03
 -7.96646030e-03 -7.00505498e-03 -6.00791254e-03 -5.01545177e-03
 -4.06471077e-03 -3.18761226e-03 -2.40958168e-03 -1.74858992e-03
 -1.21465886e-03 -8.09845418e-04 -5.28689305e-04 -3.59085055e-04
 -2.83511994e-04 -2.79716320e-04 -3.25165860e-04 -3.95722676e-04
 -4.68443443e-04 -5.23163487e-04 -5.43850707e-04 -5.19650421e-04
 -4.45561007e-04 -3.22703213e-04 -1.58170555e-04  3.55245383e-05
  2.41370681e-04  4.39085005e-04  6.06565810e-04  7.21481378e-04
  7.62894557e-04  7.12819784e-04  5.57617483e-04  2.89139328e-04
 -9.44477345e-05 -5.88210886e-04 -1.18039904e-03 -1.85279804e-03
 -2.58147249e-03 -3.33785023e-03 -4.08952514e-03 -4.80384538e-03
 -5.44720143e-03 -5.98762491e-03 -6.39643175e-03 -6.64970109e-03
 -6.72951054e-03 -6.62485516e-03 -6.33220593e-03 -5.85567182e-03
 -5.20676497e-03 -4.40378299e-03 -3.47084884e-03 -2.43666641e-03
 -1.33306295e-03 -1.93408326e-04  9.49003633e-04  2.06251652e-03
  3.11853160e-03  4.09270924e-03  4.96589264e-03  5.72470850e-03
  6.36181989e-03  6.87583293e-03  7.27087204e-03  7.55492002e-03
  7.74145688e-03  7.84594627e-03  7.88538600e-03  7.87706701e-03
  7.83738594e-03  7.78078558e-03  7.71888416e-03  7.65984450e-03
  7.60801495e-03  7.56385853e-03  7.52416505e-03  7.48252521e-03
  7.43002713e-03  7.35612449e-03  7.24961156e-03  7.09963771e-03
  6.89669168e-03  6.63348648e-03  6.30568813e-03  5.91243730e-03
  5.45663257e-03  4.94495395e-03  4.38763101e-03]
  Scale: [0.89051516 0.88861522 0.88663146 0.88448374 0.8821103  0.87946947
 0.87653781 0.87330619 0.86977526 0.86595186 0.86184757 0.85747975
 0.85287511 0.84807514 0.84314231 0.83816575 0.83326539 0.82859322
 0.82433135 0.82068613 0.81787875 0.81613252 0.81565782 0.81663592
 0.8192031  0.82343677 0.82915377 0.83648072 0.84527918 0.85534125
 0.86640008 0.87814431 0.89023507 0.90232387 0.91406991 0.92515575
 0.93530022 0.94426826 0.95187739 0.95800101 0.96256869 0.96556414
 0.9670212  0.96701845 0.96567285 0.96313274 0.95957034 0.95517391
 0.95013958 0.94466299 0.93893096 0.93289081 0.926914   0.92112123
 0.91560119 0.9104099  0.90557258 0.90108797 0.89693405 0.89307463
 0.88946539 0.88605894 0.88280805 0.87966737 0.87659375 0.87354625
 0.87048638 0.86737967 0.86419876 0.86092797 0.85756865 0.85414426
 0.85070373 0.84732179 0.84409544 0.84113617 0.8383648  0.83608187
 0.8343705  0.83327918 0.83281532 0.8329449  0.83359875 0.83468428
 0.83610091 0.8377563  0.8395806  0.84153631 0.8436221  0.84587019
 0.84833778 0.85109426 0.85420648 0.85772461 0.86167099 0.86603363
 0.87076501 0.87578596 0.88099332 0.88626972 0.89149367 0.8963386
 0.90091095 0.90512355 0.90890751 0.91221317 0.91501029 0.91728824
 0.91905638 0.92034472 0.9212043  0.92170675 0.92194226 0.92201551
 0.92203928 0.92212631 0.9223801  0.92288594 0.92370366 0.92486327
 0.9263644  0.92817958 0.93026107 0.93254991 0.9349858  0.93751618
 0.93987531 0.94227351 0.94471372 0.94721652 0.94981606 0.95255488
 0.95547899 0.95863417 0.96206413 0.9658107  0.96991567 0.97442336
 0.97938297 0.98484931 0.99088125 0.99753714 1.00486737 1.01290458
 1.02165279 1.03107677 1.04109351 1.05156694 1.06230709 1.07307417
 1.08358723 1.09327554 1.10208283 1.10969315 1.11581162 1.12018089
 1.12259568 1.12291452 1.12106817 1.11706444 1.11098918 1.1030037
 1.09333862 1.08228469 1.07018098 1.05740081 1.04433621 1.03138134
 1.01891572 1.0072878  0.99679998 0.98769567 0.98014949 0.97426127
 0.97005459 0.96747993 0.96619078 0.96625528 0.9674682  0.96960045
 0.97241505 0.97568167 0.97918871 0.98275186 0.98621893 0.98947077
 0.99241895 0.99500077 0.99717299 0.99890523 1.0001743  1.00096029
 1.00124474 1.00101118 1.00024718 0.99894743 0.99711664 0.99477141
 0.99194033 0.98866218 0.98498233 0.98071943 0.97615149 0.9713223
 0.96627176 0.96104025 0.95567716 0.95025333 0.94487593 0.93970406
 0.93496244 0.93095042 0.92804372 0.92668628 0.92737125 0.93061089
 0.93689779 0.94666139 0.96022615 0.9777775  0.99934131 1.02477964
 1.05380215 1.08598997 1.12082685 1.15773242 1.19580244 1.23470723
 1.27384385 1.31263738 1.35055042 1.38708845 1.42180196 1.45428647
 1.48418092 1.51116543 1.53495855 1.55531458 1.57202113 1.58489715
 1.59379161 1.59858295 1.59917947 1.5955207  1.58757981 1.57536704
 1.55893397 1.53837853 1.51385037 1.48555628 1.45376514 1.41847302
 1.38042944 1.34011096 1.29806235 1.25489197 1.21126372 1.16788539
 1.12549317 1.08483231 1.04663403 1.01158927 0.98032008 0.95335036
 0.93107808 0.9137519  0.90145505 0.89409901 0.89142793 0.89303355
 0.89837856 0.90682582 0.91767048 0.93017307 0.94359184 0.95721359
 0.97018155 0.98212503 0.99257549 1.00118583 1.0077414  1.01216344
 1.01450401 1.01493191 1.01370996 1.01116507 1.00765359 1.00352559
 0.99909227 0.99460072 0.9902196  0.9860374  0.98207294 0.9782956
 0.97465087 0.9710863  0.96757297 0.9641188  0.96077185 0.95761347
 0.95474334 0.9520308  0.94978478 0.94804747 0.94681406 0.94603249
 0.94561219 0.94543998 0.94539978 0.94539207 0.94534952 0.94524578
 0.94509612 0.94495    0.94487721 0.94495026 0.94522647 0.94573322
 0.94645896 0.94735158 0.94832434 0.94926789 0.95006603 0.95061247
 0.95082561 0.95065925 0.94988436 0.94876089 0.94736033 0.94577957
 0.94412924 0.94252196 0.94106223 0.93983928 0.93892384 0.93836859
 0.93821194 0.93848372 0.93921153 0.94042628 0.9421658  0.94447591
 0.94740857 0.95101776 0.95535361 0.96045597 0.96634858 0.97303488
 0.98049614 0.98869235 0.99756562 1.00680356 1.01657139 1.026794
 1.03739997 1.04832348 1.0595033  1.07087878 1.08238323 1.09393597
 1.10543434 1.11674739 1.12771263 1.13813711 1.14780296 1.15647749
 1.16392644 1.16992917 1.17429368 1.17686975 1.1775584  1.17631665
 1.17315703 1.16814203 1.16137459 1.15298612 1.14286054 1.13142022
 1.11882059 1.10521493 1.09075883 1.07561989 1.05999118 1.04410581
 1.02824948 1.01276762 0.99806384 0.98458759 0.97281012 0.96318995
 0.95613135 0.95194169 0.95079456 0.9527058  0.95752688 0.96495712
 0.97457199 0.98586216 0.99827652 1.01126324 1.02430449 1.0367171
 1.0483456  1.05889646 1.06816441 1.07602953 1.08245053 1.08745554
 1.0911312  1.09361067 1.09506118 1.09567133 1.09563853 1.09515701
 1.0944069  1.09354462 1.09269529 1.09194727 1.09134891 1.09090767
 1.09059102 1.0903291  1.09001856 1.08952748 1.08870125 1.08736944
 1.08509388 1.08196419 1.07781802 1.07251625 1.06595513 1.05807786
 1.04888478 1.03844068 1.0268781  1.01439558 1.00125026 0.98774464
 0.97420846 0.96097691 0.94836755 0.9366587  0.92607193 0.9167612
 0.90880994 0.90223609 0.89700372 0.89303881 0.8902461  0.88852438
 0.88777801 0.887711   0.88847055 0.89000464 0.89227255 0.89524176
 0.89888586 0.90318367 0.90811973 0.91368479 0.91987537 0.92669107
 0.93412881 0.94217399 0.95078946 0.95990407 0.96940273 0.97912038
 0.98884167 0.99830712 1.0072257  1.0152928  1.0222115  1.02771483
 1.03158666 1.03367893 1.03369526 1.03188296 1.02834517 1.02326162
 1.01687474 1.0094711  1.00135996 0.99285111 0.98423438 0.97576297
 0.96764237 0.96002586 0.95301666 0.94667585 0.94103424 0.93610616
 0.93190274 0.92844271 0.92575905 0.92390091 0.92293049 0.92291564
 0.92391924 0.92598703 0.92913561 0.9331303  0.93811681 0.94398042
 0.95055985 0.95765396 0.96503249 0.97244953 0.97965871 0.98642861
 0.99255726 0.99788467 1.00230264 1.00576123 1.00827164 1.00990519
 1.01078874 1.01109638 1.01103805 1.01084537 1.01075535 1.01099296
 1.01175343 1.01318575 1.01537855 1.01835007 1.0217998  1.02584395
 1.03028981 1.03489346 1.03938013 1.04346863 1.04689787 1.04945281
 1.0509873  1.05144078 1.05084667 1.04933024 1.04709512 1.04439866
 1.04151809 1.0387113  1.03617774 1.03402578 1.0322527  1.03074169
 1.02927751 1.02757886 1.02534279 1.02229416 1.01823272 1.01283765
 1.00639253 0.9990876  0.99123976 0.98325927 0.97560159 0.96871047
 0.96296122 0.95861406 0.95578617 0.95444801 0.95444431 0.95553474
 0.95744563 0.95992219 0.96277203 0.96589299 0.96928217 0.97302624
 0.97727614 0.98221153 0.98800162 0.99476903 1.0025624  1.01134131
 1.0207363  1.0307759  1.04118624 1.05164995 1.06182751 1.07137613
 1.07996521 1.08728864 1.09307477 1.09709568 1.09917645 1.09920504
 1.09714227 1.09303075 1.08700105 1.07927333 1.07015267 1.06001719
 1.04929868 1.03845684 1.02794928 1.01820056 1.00957387 1.0023493
 0.99671126 0.99250357 0.98997009 0.98903628 0.9895718  0.99141057
 0.99436871 0.99825835 1.00289663 1.00811023 1.01373609 1.01961974
 1.02561185 1.03156414 1.03732505 1.04273601 1.0476288  1.05182534
 1.05514057 1.05738977 1.05840073 1.05803088 1.05618836 1.0528551
 1.04810931 1.04214348 1.03503907 1.02747071 1.01998561 1.01320567
 1.00778024 1.00432842 1.00337812 1.00531217 1.01033106 1.0184398
 1.02946027 1.04306502 1.05882363 1.07625107 1.0948489  1.11413383
 1.13365169 1.15297903 1.17171661 1.18947982 1.20589123 1.22057844
 1.23317898 1.24335175 1.25079283 1.25497214 1.2559918  1.25375298
 1.24824104 1.23952355 1.22774314 1.21310817 1.19588453 1.17639226
 1.15500951 1.13218474 1.10845527 1.08446743 1.06099064 1.03891533
 1.01922427 1.00292939 0.99097295 0.98410321 0.98274768 0.98691542
 0.99615736 1.00959836 1.02603351 1.04406428 1.06201932 1.0787732
 1.09315087 1.10423268 1.11139105 1.11429773 1.11290654 1.10741681
 1.09822317 1.08585751 1.07092952 1.05407226 1.03589878 1.0169746
 0.99780838 0.97886016 0.960563   0.94335129 0.92768665 0.91407265
 0.90305054 0.89517222 0.89095132 0.89079967 0.89496179 0.90326149
 0.91568168 0.93176465 0.95084761 0.97211986 0.99468921 1.0176464
 1.04011943 1.06131422 1.08054114 1.09722897 1.11092901 1.12131255
 1.12816433 1.13137492 1.1309337  1.12692413 1.1195217  1.10899428
 1.09570358 1.08010544 1.06274586 1.0442496  1.02529785 1.00659331
 0.98857716 0.97208185 0.9575661  0.94529874 0.93532894 0.92748588
 0.92141096 0.91661874 0.91257564 0.90878243 0.90484622 0.90053051
 0.89577585 0.89068857 0.88549923 0.88049781 0.87595717 0.87205995
 0.86884535 0.86618904 0.86382298 0.86139234 0.85853874 0.85499309
 0.85065978 0.84549556 0.84006614 0.83498256 0.83099936 0.82888893
 0.82928931 0.83255662 0.83865943 0.8471451  0.85718857 0.86771069
 0.87753686 0.88556303 0.89090298 0.89300082 0.89170133 0.88727514
 0.88039779 0.87208156 0.86356088 0.85613701 0.85099761 0.84903903
 0.85072859 0.85604064 0.86428929 0.87482277 0.88658028 0.89844929
 0.90940398 0.91860456 0.92545378 0.92961513 0.93100113 0.92974062
 0.9261336  0.92060072 0.91363339 0.90574928 0.89745609 0.88922542
 0.8814768  0.8745705  0.86880729 0.86443228 0.86164089 0.86058472
 0.8613763  0.86409187 0.86877159 0.87521622 0.88358567 0.89378991
 0.9056783  0.91903012 0.93354711 0.9488505  0.96448478 0.9799296
 0.9946203  1.00797611 1.01943382 1.0284842  1.0347078  1.03780668
 1.03762916 1.0341851  1.0276498  1.01835585 1.00677278 0.99347597
 0.97910698 0.96432899 0.94978191 0.93604199 0.92335517 0.91232647
 0.90320844 0.8961396  0.89115756 0.88821461 0.88719157 0.88790671
 0.89011998 0.89353441 0.89779863 0.90251426 0.9072508  0.91156889
 0.91505035 0.91733187 0.91813803 0.91730904 0.91481909 0.91078195
 0.90544209 0.89915088 0.89232969 0.88542354 0.87885133 0.87275762
 0.86758606 0.86345457 0.86035773 0.85818726 0.85676621 0.85588965
 0.85536328 0.85503353 0.85480466 0.85464183 0.8545619  0.85461575
 0.8548674  0.85537523 0.8561795  0.85729861 0.85873397 0.8604811
 0.86254299 0.86494091 0.86771878 0.87093857 0.87466657]

Label Statistics:
  Mean: [143.39818224  65.68230555]
  Scale: [14.96724613 11.29703481]
